YEK=0.0006
DO=0.00075
SE=0.0011
CHAHAR=0.0014
PANJ=0.00175